8.075948138200539361e-01 -2.813829840041223718e-01 5.182800283943500563e-01 -4.928359389305114746e+00 -1.691181888788595988e-01 -9.524208404886890245e-01 -2.535618620712957738e-01 -2.926095694303512573e+00 5.649686837376144410e-01 1.171246655092573752e-01 -8.167570990305756951e-01 1.451095255091786385e+00 0.000000000000000000e+00 0.000000000000000000e+00 0.000000000000000000e+00 1.000000000000000000e+00
9.588161706924438477e-01 -2.783194482326507568e-01 -5.665526539087295532e-02 -4.518460273742675781e+00 -2.839706242084503174e-01 -9.433469772338867188e-01 -1.716308146715164185e-01 -3.149953365325927734e+00 -5.677374079823493958e-03 1.806508451700210571e-01 -9.835308790206909180e-01 1.404134511947631836e+00 0.000000000000000000e+00 0.000000000000000000e+00 0.000000000000000000e+00 1.000000000000000000e+00
6.936028106098549584e-01 -2.719650698929875765e-01 -6.670458200400225524e-01 -4.230138957500457764e+00 -3.825856831684198989e-01 -9.236762965908795753e-01 -2.122018911312451017e-02 -3.261678114533424377e+00 -6.103632659093340962e-01 2.699205787640096554e-01 -7.447144249181618658e-01 1.393536969088017941e+00 0.000000000000000000e+00 0.000000000000000000e+00 0.000000000000000000e+00 1.000000000000000000e+00
